0001100111100100
0000111000001001
0000000011010111
1111011011010010
1100111100010001
1011000010010001
1011001100110111
0000001011111010
0101101111010010
1111111011011101
0000000100000010
1000000000001001
0100010110111010
1111011110011111
1111111101100110
1111111001100100
0011010000000000
0101100100110110
1100010011100101
1111011011001101
1111111110011001
0110000110101101
1001101111111011
1111111011111110
0100101110101110
1100111110000110
0001011100100010
0100010011011001
1110111011111110
0010101101111101
0101101000110001
0011110100000110
